cam0:
  T_cam_imu:
    - [0.09647918, -0.04363951, 0.99437788, -0.1975922]
    - [-0.37481299, 0.92390456, 0.07691281, -0.04574921]
    - [-0.92206669, -0.38012623, 0.0727809, -0.02079967]
    - [0.0, 0.0, 0.0, 1.0]

#    - [0.09647918, -0.37481299, -0.92206669, -0.01726255]
#    - [-0.04363951, 0.92390456, -0.38012623, 0.02573858]
#    - [0.99437788, 0.07691281, 0.0727809, 0.20151383]
#    - [0.0, 0.0, 0.0, 1.0]

  cam_overlaps: [1]
  camera_model: pinhole
  distortion_coeffs: [-0.11950570872907, -0.0111663839605156, 0.00861364285129652, 0]
  distortion_model: equidistant
  intrinsics: [547.16515410097, 544.955124489509, 636.887072025498, 478.48434775792]
  resolution: [1280, 960]
  rostopic: /dji_osdk_ros/fpv_camera_images