accelerometer_noise_density: 0.0006834818770498258
accelerometer_random_walk: 2.773195999584313e-05

gyroscope_noise_density: 0.00010964608159786272
gyroscope_random_walk: 2.996845943467119e-06

integration_sigma: 0.316227